Time_s   F1_Hz   F2_Hz   F3_Hz   F4_Hz
0.031281   481.836396   2193.154651   3282.943345   4782.060248
0.037531   493.353458   2201.805371   3343.355474   4971.266529
0.043781   398.016189   457.220420   2285.009211   3313.590828
0.050031   414.871947   725.950774   2334.391359   3323.658757
0.056281   397.702958   830.331620   2376.660613   3592.657776
0.062531   404.683886   845.640314   2488.335413   3778.512283
0.068781   408.389801   912.399350   2457.752376   3556.669515
0.075031   440.224074   917.387536   2449.676855   3303.260569
0.081281   278.550659   893.359820   2476.226619   3146.939197
